84.8
818.8
175.6
163.5
193.9
156.8
74.9
64.2
60.1
68.2
155.9
1655
2224
1008
1535
915
312.5
99
79.4
71.5
66.9
66
80.4
77.8
73.4
376
228.2
222.3
157.7
161.2
135.3
131.3
131.2
146.5
91.2
61.4
274.6
68.2
220.5
1931
2028
1618
141.4
110.6
79.3
58.8
56.4
61.1
51.4
68.8
948.2
224.5
200.7
152.4
139.9
133.4
129.3
124.6
89.8
54.2
253.4
290.3
599.1
285.6
223.1
160.6
137.5
128.6
127.7
145.9
178.3
1031
535
2561
701.3
238.6
799.3
227.5
142.9
131.8
127.2
128.7
107.1
820.3
297.6
2641
2748
8441
2461
229.8
159.1
145.3
132.3
131
97.4
109.5
2510
299.1
279.6
284.1
820.6
785
155.2
139.8
129.5
127.8
107
77.9
161.7
768.9
1101
1032
204.4
159.4
137.6
117.2
109.4
111
115.7
74.2
58.3
63.7
67.1
117.7
206.1
139.8
127
124.2
121
116
110.1
3531
4210
1891
3457
2595
1400
193.8
155.8
146.6
141
145.8
109
54.5
56.1
1015
2247
343.7
201.7
159.6
142.2
137.1
133.2
131.6
128.8
205.7
337.7
4124
2044
2663
918.8
213.7
153.5
135.5
125.1
122.5
99.6
55.7
126.5
357.5
146.6
131.9
150.8
133.7
129.6
127.5
131.3
117.6
92.5
56.1
76.1
762.8
651.5
115.1
160.2
137
106.5
105.8
108.3
107.6
102.9
101
77.9
268.7
173
169.1
196.6
155.2
131.8
125.4
120.2
114.1
114.3
93.6
65.5
824.1
149.2
158
169.3
130.8
116.2
112.9
110.4
2111
116.3
151.2
91.5
1546
286.6
4156
1108
175.3
134.9
117.9
113.6
115.2
132.1
60.1
111.3
82.4
73.6
85.1
146.5
160.6
119.7
107.9
109.8
112.7
104.6
3889
4977
1707
206.8
1011
311.1
155.4
136.6
130.7
125.2
116.1
110.6
59.4
98.6
107.6
657.4
445.1
188.8
141
124.5
116.5
115
105.3
107.9
233.9
235.5
1550
934.4
952.5
1719
446.7
144.6
124.9
118.4
115.7
92.5
79.7
133
2790
902.1
193.6
180.4
143.5
121.8
119.2
117.1
181
103.3
229.4
2440
1993
1619
3432
1317
184.5
140.4
125.9
120.8
121.2
97.8
742.7
8804
2566
1682
113.9
160
140.5
130.2
120.5
121.4
125.6
259.5
1052
1844
544.3
3345
3313
2209
1656
163.4
144
129.9
125.9
100.4
68.4
604.2
616.8
3310
508.8
195
151.5
127.9
119.4
118.6
124.2
109.2
160.4
666.3
531
323.2
159
180.9
146.8
129.2
121.6
124.6
128.4
827.5
934.5
4985
569.4
4036
3297
621.4
175.9
149.3
134.7
128.8
366.4
307.9
64.3
64.6
812.9
1779
1698
1552
193.7
137.4
122
117.1
129.8
103.6
63
51.5
138.3
202.7
84.6
131.3
120.2
113.5
114.2
112.2
108.4
77.2
53.1
62
57.1
52.6
49.9
113.8
115.6
110.2
111
125.4
109.1
89.5
158.5
1048
489.7
636.5
1021
346.6
145.8
127.1
119.9
117.5
113.9
56
45
63.8
111.9
455.2
121.8
180.1
125.9
110.4
108.7
104.3
117.9
108.2
70.4
3976
2075
1339
134.6
165.7
137.3
118.6
112.3
111.4
109.5
74.8
67.5
63.5
117.1
118.8
104.8
132.5
119
110.5
101.3
102.6
106.1
1910
1984
498.2
3859
1786
4154
804
182.6
144.2
120.4
114.7
132.8
154.2
796.2
864.1
3030
5456
2538
1838
711.4
150.1
134.9
130
127.7
194.3
1984
1184
614.6
1126
761.9
337.6
154.2
129.8
150.6
119.4
123
169.9
154.6
61.9
69.2
77.2
160.4
128.1
118.4
112.2
108.9
110.4
111
80.6
67.8
160.6
9457
5262
965.6
388.5
152.1
133.8
127.1
283.7
223.2
88.4
74.9
86.7
176.9
599.5
178.2
138.6
127
147.1
164.6
140.3
150.8
153.2
241.3
220.3
188.5
169.9
158.1
168.6
168.4
150.9
149.7
150.8
149.2
173.7
151.1
154.5
258.8
3101
531.3
185.5
151.3
133.8
122.8
138
149.5
135.7
131.9
153.3
142.1
195.2
147.1
155.6
152.3
130.9
133.7
145.8
143.6
150.6
138
141.9
150.1
241.6
168.7
158.3
130
135.6
142.5
137.9
138.1
136.3
134.4
133.7
208.6
171.9
159.4
131.2
133.3
124.2
447.9
140.8
146.7
136.1
151.4
205.8
482.8
5241
2115
464.2
228.9
154.4
139
136.8
138.4
134.6
145.8
140.9
154.1
164.5
143.5
149.4
140.3
140.4
147.5
147.9
149.4
148.1
147.7
2357
807.2
6658
3102
5420
232.8
160.6
149.3
144.4
145.3
140.7
422.2
186.2
4844
2320
935.5
698.2
247.5
175.5
152.6
146.3
148.5
175.3
1136
6821
1328
290.7
264.3
181.9
154.4
145.7
143.8
147.9
145.6
163.3
166.6
2347
2464
2553
2017
4119
3052
203
159
152.1
162.1
649.7
1037
787.2
2948
2956
1187
550.3
180.7
150.1
144.3
145.9
146.2
174
178.1
278.2
1046
1137
313.1
212.2
180.9
173.7
173.6
175
202.1
174.2
186.4
183
187.1
196
184.8
182.1
168.5
157.1
158.5
159.6
169.2
189.8
227.2
292.1
220.7
264.7
276.4
303
167.5
165.3
358.7
161.5
158.4
159.4
249.3
418.3
256.7
272.5
708.5
2071
197.2
162.7
161.6
157.2
157.7
157.6
209.1
209.6
1899
611.3
456.6
209.1
163.6
160.3
169.8
170.7
163.9
159.6
188
197.6
208.2
305.7
299.1
2941
405.6
177.7
160.4
158.7
155.8
195.8
3432
5109
1382
2777
4591
1822
259.1
202.6
185.1
180.8
187
191.5
233.5
201.1
324.8
464.1
208.9
180.5
159.7
181.8
182.5
181
188
182.3
206.4
273
257.1
718.1
292.5
261.5
205.4
185.2
177
187.1
189.6
194.3
195.3
206.5
445.6
952.7
273.9
288.1
218.8
192.9
185.3
189.7
191.5
206.8
221.5
288
347
330.6
360.9
307.8
273.2
216.1
208.7
208.8
238.2
229.1
373.6
270.4
319.3
2193
1882
740
612.1
375.5
289.4
218.6
233.7
225.9
254.6
315.9
342.5
813
748
493
253.7
211.5
202.3
164.3
162.8
310.6
3259
1807
664.4
392.8
381.5
237.1
216.9
420.4
345.4
418.4
151.7
139
202.5
196.2
281.4
290.9
243
222.5
206.3
192.9
175.9
216.3
128.1
131.2
402.9
214.7
812
241.7
230
184.9
187
179.7
229
176.6
138.4
266.6
683.2
1918
1602
3658
412.3
256.5
215.7
195
239.4
196.3
189.3
243.7
534
7446
6273
3738
2441
2003
1882
1882
1276
732
365
296.5
247.6
630.3
1119
557.6
597.3
271.8
297.2
200
228.7
161.5
232.2
317.1
1244
3148
3516
508.2
286.2
237.1
228.3
184.8
208.8
150.2
256.1
280.1
266.8
265.8
261.9
203.3
165
169.6
192.9
174.5
192
157.2
221.8
229.8
259.8
647.9
263.1
186.8
178.8
177.2
177.6
157.6
129.5
138.6
381
477.5
201.4
197
213
187.7
277.2
213.2
266.3
207.6