85
60
1092
287.8
609.6
160.2
51.6
7.8
11.5
7.02
49.5
37.4
48.8
53.1
271.6
40.5
77.7
13.5
16.5
2.45
6.92
4.78
36.8
56
72
65.6
5.83
1.29
6.95
15.7
6.95
0.216
0.277
0.265
12.7
51.7
63.7
240.5
234.5
657.9
305.1
248.9
56.8
5.7
8.79
8.76
55.1
60.1
415.3
870
593.7
506.3
214.2
96.9
23
14.1
28.7
7.24
34.6
31
14.7
19.2
624
346.7
41.7
33.5
20.8
9.47
31.3
11.8
82.7
1225
192.3
484.4
1653
1884
1174
332.1
59.9
21.3
53.9
57.5
81.1
72.5
69.9
80.6
348.4
89.2
39.7
29.4
21.5
11.6
20.2
15.2
32.1
52.5
181.4
623.4
514
389.9
87.3
51.7
17.8
39.9
36.8
44.6
113.6
139.1
271.7
673.7
268.4
131
238.4
157
67.5
37.5
70.8
51.4
88.6
269.9
607.9
975.6
471.5
502.9
554.6
353
76
27.8
63.1
32.2
99
196.5
573.4
829.7
1343
714.2
510.1
329.8
71.9
55
87.2
75.3
110.2
77.8
62.7
149.2
248.8
181.8
138.6
259.3
56.5
31.8
83.5
53.5
110.9
116.4
113.4
388.1
224.5
303.8
738.8
774.3
80.5
47.9
82.5
54.2
167.1
237.2
267.3
218.9
506.5
379
245.7
78.6
48.2
29.5
44.4
47.6
106.3
116.8
69.4
231
119.8
58.8
33.4
81.1
32.6
27.2
23.8
43.2
61
71.6
175.2
71.4
130
470.8
544.5
646.1
67.4
40
63.9
65.2
80
63.5
60
176.8
739.1
544.3
837.9
208.3
33.5
36.3
48.4
53.3
75.5
55.1
174.8
262.1
381.2
315.4
237.4
133.2
42.6
22
50.3
64.2
113
183.1
186.5
346.9
361.3
270.9
594.8
98.1
43.6
39.3
71.5
73.8
87.5
233.4
150.1
936
1124
2774
1007
518.2
236.6
85.4
118.9
92.5
112.5
115.1
804
286
275.9
305.8
768
992
146.2
69.2
96.9
125.7
104.8
135.3
168.6
374
335.4
334.3
152.9
150.7
83.9
54.4
79.2
65.6
50.1
64
74
134.4
204.5
202.7
173.3
92.7
61.4
31.7
64.8
47
70.5
920.2
1179
483.9
1306
836.9
712.3
330.5
95.3
81.5
102.8
129.9
165.8
255.3
88.1
552.3
998.8
609
687.1
326.9
82.6
73.9
79.1
201.2
216.5
268.8
319.9
1044
705
794.8
657.5
409.2
149.8
107.2
111.3
118.8
111.7
92.3
124.4
195.4
107.2
61.4
118.4
46
63.5
40.8
39.9
31.6
21.9
34.8
65.2
394.3
365.1
150.1
138.1
74.1
21.8
50.7
51.2
35.2
64.9
78.3
51.9
135
105.9
49.5
33.4
67.3
36.3
22
21.1
24.1
38.8
55.9
33.4
330.7
280.5
237.2
246.8
121.1
29
22.5
29.3
1068
166.3
284.6
111.9
813.6
197.7
1140
1054
210.7
67.6
42.6
84.4
59.4
109.5
87.6
113.7
114.1
262.4
262.8
329
898.6
96.5
60.3
92.4
61.8
95.4
996.7
1507
968.8
317.2
643.3
538.8
355.8
107.1
114
124
80.1
127.5
74.5
110.1
124.5
290.1
155.9
51.9
68.2
28
24
20.9
17.3
109.9
220.6
325.4
434.5
271.2
341.4
705.1
615.1
103.2
54.3
98.9
67.6
73.7
70.5
134.6
745.3
157.4
87.3
138.5
75.9
29.5
74.5
34.9
61.9
117.6
114.3
859
688.4
646.5
1075
739.5
329.3
61.3
57.5
101
104.8
89.1
236.5
1684
527.2
613.7
228
479.2
273
95.4
54.3
88.4
74.8
254.7
450.2
816.5
327.6
1554
1147
1189
1746
312.2
91
133.2
156.7
142.3
142.8
441.6
631.2
1749
528.9
394.1
241.4
54.5
94.1
87
113.6
142.3
178.1
232.2
320.7
268.4
389
382.9
98.4
40.2
49.5
75.7
59.8
155.8
272.9
691.1
196.3
1114
649.3
486.8
146.8
82.3
46.1
84.2
69.8
99.1
109.6
123.9
340.6
755.5
755.7
891.1
484.7
124.8
100.6
124.2
123.7
99.4
133.6
101.2
84.7
223.2
179.7
205.1
69.5
22.8
67.2
74.2
71.8
78.5
79.4
56.9
97.7
71
17.8
144.2
73.1
17.6
21.2
31.1
40
65.4
134.5
273.2
142
225.2
569.1
394.7
45.2
35.3
47.7
81.5
27.5
76.5
70.9
89.4
176
575.5
306.8
332.2
74.9
41.8
39.1
37.6
65.7
95.5
92.2
1138
694.2
451.2
405.2
576.5
271.5
83.7
41.8
122.1
89.6
72.1
109.8
79.5
305.4
137.9
105.6
147.6
71.5
31.1
9.87
24.7
58.4
417.9
520.9
219
1308
583.4
1201
463.7
182.2
124.1
35.6
92.2
122.7
139.9
209.7
228.7
456.9
963.3
670.1
1094
893.9
149.5
125.2
95.4
89.6
235.7
1026
691.9
491.2
674.1
817.1
940.2
652.1
113.5
65.8
150.5
123.5
256.7
196.1
103.9
256.3
374.3
465
81.5
92.9
40.5
33.3
133.5
58.3
90.3
163.7
301.7
2249
1625
619.9
563.7
157.7
77.2
62.8
116.6
80.9
84.4
86.7
99.3
150
196
92.6
106.9
69.1
56.6
27.3
28.4
24.6
60.4
75.3
65.2
220.6
157.3
246.1
84.5
50.5
15.3
22
29.8
17.2
85.7
67.4
46.1
419.6
1057
446
210.6
82.2
20.7
35.9
66.2
69.4
82.5
76
85.6
74.5
251.4
50.5
32.1
73.5
8.85
15.3
20.3
46.5
66.6
42.6
86.6
84.8
301.6
188.3
769.5
179.5
40.9
32.7
58.4
32.9
96.4
76.7
65.4
62.7
76
4.65
2.32
3.53
10.1
0.925
0.968
4.3
46.5
32.7
115.4
298.1
1639
585.2
492.3
691
49.9
66.9
120.1
100.4
105.8
106
98
101.5
178.1
86.8
241
43.5
7.16
21.6
45.6
48.5
73.2
139.8
789.4
442.5
1264
732.1
2176
743.2
193.7
64.9
65.8
82.2
73.6
234.5
378.2
1686
943.5
805.4
784.3
252.1
89.1
72.7
87.8
93.2
128.7
415.6
1625
690.1
374
437.2
306.6
158.1
44
74.3
71
67.2
110.3
107.7
514.2
292.3
520.4
598.7
2149
1665
204.7
102.7
200.8
251.4
355.6
432
318.5
894.5
1005
589.4
554
275.7
46.8
77.2
145.7
196.7
118.6
112.5
189
277.8
345.8
168.9
108.8
19
14.6
16.2
38.2
101.2
88.3
96.3
71.1
75.5
67.5
77.8
10.9
9.58
8.6
2.6
13
14.8
45.4
135.4
197.4
207.6
160.3
109.8
79.4
8.1
4.53
4.58
8.74
25.4
67.9
68.7
90.1
84.9
126.3
203.9
775.4
101.3
0.785
4.08
31.4
51.2
83.3
201.7
258.2
592.9
403.5
169.2
87.4
57.9
7.29
29.2
33
57
131.7
158.1
138.3
150.8
141.4
138.8
1710
214.1
21.6
17.9
51.1
65.7
141.9
567.7
825.3
499.8
848.7
1217
770.5
117.9
39
38.5
45.7
56.3
116.8
124.7
95.4
118
150.4
82.4
26.3
16.1
4.12
2.85
10.6
44.7
70
61.3
81.1
130
562.5
95.2
247.8
240.2
16.2
16
43.3
41.7
74.4
53.4
113
140.1
204.7
69
81.1
130.9
2.85
14.4
1.33
44.6
72.6
62.4
82
65.8
42
44.9
81.9
173.1
3.74
0.928
6.13
67.7
66.4
278.5
362.3
106.9
694.1
1175
866.4
762.5
92.7
31.5
57.3
101.3
105
73.8
88.2
77
102.3
166.6
50.3
17.1
6.29
1.9
3.56
27.1
53.3
195.4
113.4
205.5
163.9
94.9
17
14
1.37
4.26
1.18
11.9
46.6
37.9
40.5
36.9
62.3
13.6
0.393
0.214
0.414
0.731
0.28
5.75
18.8
136
70.3
104.9
9.72
1.42
140.3
11.4
1.31
1.51
1.18
2.06
29.8
203.6
554.7
382.8
607.1
386.9
272.4
44.7
3.63
5.57
3.98
66.9
53.9
127
566.1
2264
1121
765.2
387.2
154.6
27
52.4
37.1
75.1
132.3
74.9
122.2
79.9
302.8
382.9
360.3
109.1
4.24
2.23
12.6
55.4
63.6
69.4
195.6
801.7
1096
1461
546.6
305.8
16.7
21.4
64.8
72.3
107.6
96.7
189.3
95.3
145.4
43.7
32
22.2
7.74
9.89
8.07
24
60.8
59.1
68.4
92.3
51.4
3.46
0.879
0.994
0.97
0.86
8.8
79.3
40.9
68.6